date,set,index,item-name,category,flipkart-link,flipkart-price,flipkart-discounted-price,flipkart-rating,flipkart-total-ratings
08_10_2022,PM,1,"Samsung Galaxy M13 (Aqua Green, 4GB, 64GB Storage) | 6000mAh Battery | Upto 8GB RAM with RAM Plus",All Mobile Phones,https://www.flipkart.com/samsung-galaxy-m13-aqua-green-64-gb/p/itm8d54b8d7bc9ce?pid=MOBGGHC2FJUSTVJH&lid=LSTMOBGGHC2FJUSTVJHDSXSZP&marketplace=FLIPKART&q=Samsung+Galaxy+M13+%28Aqua+Green%2C+4GB%2C+64GB+Storage%29+%7C+6000mAh+Battery+%7C+Upto+8GB+RAM+with+RAM+Plus&store=tyy%2F4io&srno=s_1_1&otracker=search&otracker1=search&fm=organic&iid=1050ebc7-3ed9-4963-8349-dcb880872113.MOBGGHC2FJUSTVJH.SEARCH&ppt=hp&ppn=homepage&ssid=o3qbrodvxc0000001665253648863&qH=ba0d64a11783c961,"₹25,999","₹10,243",4.2,204
08_10_2022,PM,2,"Redmi A1 (Black, 2GB RAM, 32GB Storage) | Helio A22 | 5000 mAh Battery | 8MP AI Dual Cam | Leather Texture Design | Android 12",All Mobile Phones,https://www.flipkart.com/redmi-a1-black-32-gb/p/itmc25a41ed1907d?pid=MOBGHWHQXCU8APFT&lid=LSTMOBGHWHQXCU8APFTOKCD9W&marketplace=FLIPKART&q=Redmi+A1+%28Black%2C+2GB+RAM%2C+32GB+Storage%29+%7C+Helio+A22+%7C+5000+mAh+Battery+%7C+8MP+AI+Dual+Cam+%7C+Leather+Texture+Design+%7C+Android+12&store=tyy%2F4io&srno=s_1_1&otracker=search&otracker1=search&fm=Search&iid=dc0d351e-da77-4e88-803f-becb2c62ed42.MOBGHWHQXCU8APFT.SEARCH&ppt=sp&ppn=sp&ssid=406x4ia9ao0000001665253652002&qH=b8dcfd3818bfe7a5,"₹9,990","₹6,525",4.2,46
08_10_2022,PM,4,"Samsung Galaxy M13 (Midnight Blue, 4GB, 64GB Storage) | 6000mAh Battery | Upto 8GB RAM with RAM Plus",All Mobile Phones,https://www.flipkart.com/samsung-galaxy-m13-stardust-brown-64-gb/p/itm88a344734b7e4?pid=MOBGGHEAHSZDN8ET&lid=LSTMOBGGHEAHSZDN8ETN5V8RD&marketplace=FLIPKART&q=Samsung+Galaxy+M13+%28Midnight+Blue%2C+4GB%2C+64GB+Storage%29+%7C+6000mAh+Battery+%7C+Upto+8GB+RAM+with+RAM+Plus&store=tyy%2F4io&srno=s_1_1&otracker=search&otracker1=search&fm=Search&iid=9acd3661-64f2-4b82-b974-d784b8202037.MOBGGHEAHSZDN8ET.SEARCH&ppt=sp&ppn=sp&ssid=wunyngel1c0000001665253655178&qH=98bdbe7b55a9466a,"₹14,999","₹10,179",4.2,204
08_10_2022,PM,5,Samsung Galaxy Tab A8 26.69cm (10.5 inch) Display,Tablets,https://www.flipkart.com/case-u-edge-tempered-glass-samsung-galaxy-tab-10-1-inch/p/itm1c41425ebd297?pid=ACCFHQP9HBCD2HAW&lid=LSTACCFHQP9HBCD2HAWNBVK2A&marketplace=FLIPKART&q=Samsung+Galaxy+Tab+A8+26.69cm+%2810.5+inch%29+Display&store=tyy&srno=s_1_1&otracker=search&otracker1=search&fm=Search&iid=bb45e214-23f8-41e9-9599-73516558674b.ACCFHQP9HBCD2HAW.SEARCH&ppt=sp&ppn=sp&ssid=3q197k4ug00000001665253658297&qH=61683bf39cb8705c,"₹1,999",₹215,4.3,(529)
08_10_2022,PM,6,"Apple Watch SE (GPS + Cellular, 40mm) - Space Grey Aluminium Case with Midnight Sport Band - Regular",Tablets,https://www.flipkart.com/apple-watch-se-gps-cellular-40mm-space-grey-aluminium-case-midnight-sport-band/p/itm5efeb824ee2ca?pid=SMWG6VNREXJKMZH2&lid=LSTSMWG6VNREXJKMZH2MONEXS&marketplace=FLIPKART&q=Apple+Watch+SE+%28GPS+%2B+Cellular%2C+40mm%29+-+Space+Grey+Aluminium+Case+with+Midnight+Sport+Band+-+Regular&store=ajy%2Fbuh&srno=s_1_1&otracker=search&otracker1=search&fm=Search&iid=8062be67-511a-49a8-ad20-bc1c05b4f158.SMWG6VNREXJKMZH2.SEARCH&ppt=sp&ppn=sp&ssid=5zlly6z6gg0000001665253661496&qH=6ec3b3da230fca34,"₹33,900","₹26,800",4.6,"3,022"
08_10_2022,PM,8,"Apple Watch SE (GPS + Cellular, 44mm) - Space Grey Aluminium Case with Midnight Sport Band - Regular",Tablets,https://www.flipkart.com/apple-watch-se-gps-cellular-44mm-space-grey-aluminium-case-midnight-sport-band/p/itmcacfa110e2533?pid=SMWG6VNRH5XAEY6X&lid=LSTSMWG6VNRH5XAEY6XC1FYMH&marketplace=FLIPKART&q=Apple+Watch+SE+%28GPS+%2B+Cellular%2C+44mm%29+-+Space+Grey+Aluminium+Case+with+Midnight+Sport+Band+-+Regular&store=ajy%2Fbuh&srno=s_1_1&otracker=search&otracker1=search&fm=Search&iid=940467e8-33de-475d-939e-609bf8533590.SMWG6VNRH5XAEY6X.SEARCH&ppt=sp&ppn=sp&ssid=7brjz6nx1c0000001665253664700&qH=91a32374347b4a5a,"₹36,900","₹28,800",4.6,"3,022"
08_10_2022,PM,9,"Amazfit GTS 4 Mini Smart Watch, Alexa Built-in Fitness Tracker with 24H Heart Rate Blood Oxygen Monitor, 5 Satellite Positioning, 120+ Sports Modes, 5 ATM Waterproof (Midnight Black)",Tablets,https://www.flipkart.com/amazfit-bip-3-pro-1-69-inch-large-color-display-built-in-gps-smartwatch/p/itmab8977a79512e?pid=SMWGFAYAKZZHPGT9&lid=LSTSMWGFAYAKZZHPGT9ZJ7LGN&marketplace=FLIPKART&q=Amazfit+GTS+4+Mini+Smart+Watch%2C+Alexa+Built-in+Fitness+Tracker+with+24H+Heart+Rate+Blood+Oxygen+Monitor%2C+5+Satellite+Positioning%2C+120%2B+Sports+Modes%2C+5+ATM+Waterproof+%28Midnight+Black%29&store=ajy%2Fbuh&srno=s_1_1&otracker=search&otracker1=search&fm=Search&iid=dc41ddbb-faf4-4ad9-ae51-0906535802e7.SMWGFAYAKZZHPGT9.SEARCH&ppt=sp&ppn=sp&ssid=fs6w0ofh4g0000001665253667931&qH=a1e5a2f02d981e1b,"₹5,999","₹3,699",4.3,(17)
08_10_2022,PM,17,"ASUS Vivobook 15, 15.6"" (39.62 cm) FHD, AMD Dual Core Ryzen 3 3200U, Thin and Light Laptop (8GB/256GB SSD/Integrated Graphics/Windows 11/Office 2021/Silver/1.68 Kg), X512DA-BQ301WS",Laptops,https://www.flipkart.com/asus-vivobook-15-ryzen-3-dual-core-amd-r3-3250u-4-gb-256-gb-ssd-windows-10-home-m515da-bq312ts-thin-light-laptop/p/itmf27eace19ae11?pid=COMG2DBSMFDZTE9F&lid=LSTCOMG2DBSMFDZTE9FNDKXIK&marketplace=FLIPKART&q=ASUS+Vivobook+15%2C+15.6+%2839.62+cm%29+FHD%2C+AMD+Dual+Core+Ryzen+3+3200U%2C+Thin+and+Light+Laptop+%288GB%2F256GB+SSD%2FIntegrated+Graphics%2FWindows+11%2FOffice+2021%2FSilver%2F1.68+Kg%29%2C+X512DA-BQ301WS&store=6bo%2Fb5g&srno=s_1_1&otracker=search&otracker1=search&fm=Search&iid=c3eed07c-bf69-47c9-a51c-390ea25215d6.COMG2DBSMFDZTE9F.SEARCH&ppt=sp&ppn=sp&ssid=eivqx9sxfk0000001665253671124&qH=06bb6bbd92761d7c,"₹42,990","₹31,890",4.3,"1,632"
08_10_2022,PM,18,"Honor MagicBook X 15, Intel Core i3-10110U / 15.6 inch (39.62 cm) Thin and Light Laptop (8GB/256GB PCIe SSD/Windows 10/Aluminium Metal Body/1.56Kg), Silver/Gray,(BohrBR-WAI9A)",Laptops,https://www.flipkart.com/asus-vivobook-15-core-i3-8th-gen-4-gb-256-gb-ssd-windows-10-home-x512fa-ej547tx512f-thin-light-laptop/p/itmceb74cb0f6146?pid=COMFJYN9ZG4RVUEX&lid=LSTCOMFJYN9ZG4RVUEXL1NZMJ&marketplace=FLIPKART&q=Honor+MagicBook+X+15%2C+Intel+Core+i3-10110U+%2F+15.6+inch+%2839.62+cm%29+Thin+and+Light+Laptop+%288GB%2F256GB+PCIe+SSD%2FWindows+10%2FAluminium+Metal+Body%2F1.56Kg%29%2C+Silver%2FGray%2C%28BohrBR-WAI9A%29&store=6bo%2Fb5g&srno=s_1_1&otracker=search&otracker1=search&fm=Search&iid=bc618f9e-de63-45d3-96da-9b4790fec068.COMFJYN9ZG4RVUEX.SEARCH&ppt=sp&ppn=sp&ssid=qwam9lmhvk0000001665253674314&qH=57be3628284e9569,"₹44,990","₹39,890",4.3,103
08_10_2022,PM,19,"HP 14s, AMD Ryzen 5-5500U 14 inches(35cm) FHD, IPS, Micro-Edge Display Laptop (8GB RAM/512GB SSD /Radeon Graphics/Windows 11/Alexa/Backlit Keyboard/MS Office/1.46kg, 14s-fq1092au)",Laptops,https://www.flipkart.com/hp-14s-ryzen-5-hexa-core-5500u-8-gb-512-gb-ssd-windows-10-home-14s-fq1030au-thin-light-laptop/p/itm7ba3407b2b68c?pid=COMG24PXDNBHZCHG&lid=LSTCOMG24PXDNBHZCHG9NIB0P&marketplace=FLIPKART&q=HP+14s%2C+AMD+Ryzen+5-5500U+14+inches%2835cm%29+FHD%2C+IPS%2C+Micro-Edge+Display+Laptop+%288GB+RAM%2F512GB+SSD+%2FRadeon+Graphics%2FWindows+11%2FAlexa%2FBacklit+Keyboard%2FMS+Office%2F1.46kg%2C+14s-fq1092au%29&store=6bo%2Fb5g&srno=s_1_1&otracker=search&otracker1=search&fm=Search&iid=6cbab1e8-07ff-4676-a591-9b5145e4ce22.COMG24PXDNBHZCHG.SEARCH&ppt=sp&ppn=sp&ssid=4zn5gx3tcg0000001665253677502&qH=46b4cad8ff419790,"₹58,657","₹54,890",4.4,780
08_10_2022,PM,20,"HP 15s, 12th Gen Intel Core i5 8GB RAM/512GB SSD 15.6-inch(39.6 cm) Micro-Edge Anti-Glare FHD Touch Laptop/Intel Iris Xe Graphics/Alexa/Dual Speakers/Win 11/MSO 2021/1.41 Kg, 15s- fq5111TU",Laptops,https://www.flipkart.com/hp-core-i5-12th-gen-8-gb-512-gb-ssd-windows-11-home-15s-fq5111tu-thin-light-laptop/p/itmbecf654716fd5?pid=COMGG63HGDTFCCGW&lid=LSTCOMGG63HGDTFCCGWLETTA9&marketplace=FLIPKART&q=HP+15s%2C+12th+Gen+Intel+Core+i5+8GB+RAM%2F512GB+SSD+15.6-inch%2839.6+cm%29+Micro-Edge+Anti-Glare+FHD+Touch+Laptop%2FIntel+Iris+Xe+Graphics%2FAlexa%2FDual+Speakers%2FWin+11%2FMSO+2021%2F1.41+Kg%2C+15s-+fq5111TU&store=6bo%2Fb5g&srno=s_1_1&otracker=search&otracker1=search&fm=Search&iid=30a63fba-7fc4-4eee-ab53-2db4b8ac518e.COMGG63HGDTFCCGW.SEARCH&ppt=sp&ppn=sp&ssid=djjt7o9aog0000001665253680694&qH=59a115020b1cb562,"₹67,831","₹56,899",4.2,"1,108"
08_10_2022,PM,21,Mi 80 cm (32 inches) 5A Series HD Ready Smart Android LED TV L32M7-5AIN (Black),Televisions,https://www.flipkart.com/mi-5a-80-cm-32-inch-hd-ready-led-smart-android-tv-dolby-audio-2022-model/p/itm98501ffa297ba?pid=TVSGD5CS2SDUUZGN&lid=LSTTVSGD5CS2SDUUZGNWGZUUA&marketplace=FLIPKART&q=Mi+80+cm+%2832+inches%29+5A+Series+HD+Ready+Smart+Android+LED+TV+L32M7-5AIN+%28Black%29&store=ckf%2Fczl&spotlightTagId=BestsellerId_ckf%2Fczl&srno=s_1_1&otracker=search&otracker1=search&fm=Search&iid=c74c1121-93a7-4ab7-9ce7-b80637f78b2d.TVSGD5CS2SDUUZGN.SEARCH&ppt=sp&ppn=sp&ssid=qp8qz724e80000001665253683833&qH=11e4e2694c73a17d,"₹24,999","₹12,999",4.4,"3,08,119"
08_10_2022,PM,23,OnePlus 80 cm (32 inches) Y Series HD Ready Smart Android LED TV 32 Y1S (Black),Televisions,https://www.flipkart.com/oneplus-y1s-80-cm-32-inch-hd-ready-led-smart-android-tv-11-bezel-less-frame/p/itm0a39edd7df236?pid=TVSGAXEVXNG9YBUM&lid=LSTTVSGAXEVXNG9YBUMLGWYAS&marketplace=FLIPKART&q=OnePlus+80+cm+%2832+inches%29+Y+Series+HD+Ready+Smart+Android+LED+TV+32+Y1S+%28Black%29&store=ckf%2Fczl&srno=s_1_1&otracker=search&otracker1=search&fm=Search&iid=05f1c364-5e20-45b1-bcba-16aa4c9dec6f.TVSGAXEVXNG9YBUM.SEARCH&ppt=sp&ppn=sp&ssid=bc9oreumu80000001665253686988&qH=7e1243ebb21ca161,"₹21,999","₹13,499",4.3,"1,21,981"
08_10_2022,PM,24,Samsung 80 cm (32 Inches) Wondertainment Series HD Ready LED Smart TV UA32T4340BKXXL (Glossy Black),Televisions,https://www.flipkart.com/samsung-80-cm-32-inch-hd-ready-led-smart-tizen-tv/p/itm6e40262f4572a?pid=TVSFQXFKMHUDYCJ3&lid=LSTTVSFQXFKMHUDYCJ3IOJXHJ&marketplace=FLIPKART&q=Samsung+80+cm+%2832+Inches%29+Wondertainment+Series+HD+Ready+LED+Smart+TV+UA32T4340BKXXL+%28Glossy+Black%29&store=ckf%2Fczl&srno=s_1_1&otracker=search&otracker1=search&fm=Search&iid=e8524664-26a2-4627-bc06-023e82b078f7.TVSFQXFKMHUDYCJ3.SEARCH&ppt=sp&ppn=sp&ssid=iec04c2qb40000001665253690161&qH=8b7f8599a39d54da,"₹22,900","₹13,490",4.4,"60,864"
08_10_2022,PM,25,Redmi 108 cm (43 inches) 4K Ultra HD Android Smart LED TV X43 | L43R7-7AIN (Black),Televisions,https://www.flipkart.com/kodak-7x-pro-108-cm-43-inch-ultra-hd-4k-led-smart-android-tv/p/itmbb5b0f6160265?pid=TVSFVFFA5KJBG77Y&lid=LSTTVSFVFFA5KJBG77YMHM2JV&marketplace=FLIPKART&q=Redmi+108+cm+%2843+inches%29+4K+Ultra+HD+Android+Smart+LED+TV+X43+%7C+L43R7-7AIN+%28Black%29&store=ckf%2Fczl&srno=s_1_1&otracker=search&otracker1=search&fm=Search&iid=fe54f45f-c164-43a2-bd50-32c459d8f42e.TVSFVFFA5KJBG77Y.SEARCH&ppt=sp&ppn=sp&ssid=8h6j7abcps0000001665253693312&qH=24cb2cf86c820a50,"₹28,999","₹19,999",4.4,"5,626"
08_10_2022,PM,26,Redmi 126 cm (50 inches) 4K Ultra HD Android Smart LED TV X50 | L50M6-RA (Black),Televisions,https://www.flipkart.com/mi-5x-125-7-cm-50-inch-ultra-hd-4k-led-smart-android-tv-dolby-vision-40w-atmos/p/itme4ecf97d8756b?pid=TVSG5ZGZQKRDMQVZ&lid=LSTTVSG5ZGZQKRDMQVZSXPKWO&marketplace=FLIPKART&q=Redmi+126+cm+%2850+inches%29+4K+Ultra+HD+Android+Smart+LED+TV+X50+%7C+L50M6-RA+%28Black%29&store=ckf%2Fczl&srno=s_1_1&otracker=search&otracker1=search&fm=Search&iid=0eef6a3b-70a6-4fae-a07e-28d49fd4b0ab.TVSG5ZGZQKRDMQVZ.SEARCH&ppt=sp&ppn=sp&ssid=dwjrfj9ehc0000001665253696463&qH=9143b046253d64c0,"₹59,999","₹39,999",4.3,"46,652"
08_10_2022,PM,27,OnePlus 108 cm (43 inches) Y Series Full HD Smart Android LED TV 43 Y1S (Black),Televisions,https://www.flipkart.com/oneplus-y1s-108-cm-43-inch-full-hd-led-smart-android-tv-11-bezel-less-frame/p/itm178846d2e1567?pid=TVSGAXEVSNT3HBQA&lid=LSTTVSGAXEVSNT3HBQAKRCYE0&marketplace=FLIPKART&q=OnePlus+108+cm+%2843+inches%29+Y+Series+Full+HD+Smart+Android+LED+TV+43+Y1S+%28Black%29&store=ckf%2Fczl&srno=s_1_1&otracker=search&otracker1=search&fm=Search&iid=4f2cfaf9-1866-4416-8106-e29ce68fa242.TVSGAXEVSNT3HBQA.SEARCH&ppt=sp&ppn=sp&ssid=jtdajyjr0w0000001665253699632&qH=ce37e89a0e39e988,"₹31,999","₹21,999",4.3,"1,21,981"
08_10_2022,PM,28,"Oneplus Bullets Z2 Bluetooth Wireless in Ear Earphones with Mic, Bombastic Bass - 12.4 Mm Drivers, 10 Mins Charge - 20 Hrs Music, 30 Hrs Battery Life (Magico Black)",Headphones,https://www.flipkart.com/oneplus-buds-z2-active-noise-cancellation-bluetooth-headset/p/itme6a38aecd5d70?pid=ACCGAECF8ZSUFE3A&lid=LSTACCGAECF8ZSUFE3AVEHLJV&marketplace=FLIPKART&q=Oneplus+Bullets+Z2+Bluetooth+Wireless+in+Ear+Earphones+with+Mic%2C+Bombastic+Bass+-+12.4+Mm+Drivers%2C+10+Mins+Charge+-+20+Hrs+Music%2C+30+Hrs+Battery+Life+%28Magico+Black%29&store=0pm%2Ffcn&spotlightTagId=BestsellerId_0pm%2Ffcn&srno=s_1_1&otracker=search&otracker1=search&fm=Search&iid=45d310fe-da96-460c-b7ba-57de91f1fdb6.ACCGAECF8ZSUFE3A.SEARCH&ppt=sp&ppn=sp&ssid=qb5dend4ao0000001665253702820&qH=fcc1fd8d48b3dad2,"₹5,999","₹4,399",4.2,"(19,389)"
08_10_2022,PM,32,"OnePlus Nord Buds True Wireless in Ear Earbuds with Mic, 12.4mm Titanium Drivers, Playback:Up to 30hr case, 4-Mic Design + AI Noise Cancellation, IP55 Rating, Fast Charging (Black Slate)",Headphones,none,0,"₹4,399",None,None
08_10_2022,PM,34,"boAt Stone 650 10W Bluetooth Speaker with Upto 7 Hours Playback, IPX5 and Integrated Controls (Black)",Speakers,https://www.flipkart.com/boat-stone-300-5-w-bluetooth-speaker/p/itmfhbubhvgy8ktg?pid=ACCFHBKTBBTZSNHF&lid=LSTACCFHBKTBBTZSNHFNJIPQN&marketplace=FLIPKART&q=boAt+Stone+650+10W+Bluetooth+Speaker+with+Upto+7+Hours+Playback%2C+IPX5+and+Integrated+Controls+%28Black%29&store=0pm%2F0o7&srno=s_1_1&otracker=search&otracker1=search&fm=Search&iid=9775c20f-b542-4059-b7c4-bc798da7497c.ACCFHBKTBBTZSNHF.SEARCH&ppt=sp&ppn=sp&ssid=t03egp97e80000001665253709127&qH=10f65da081475c2a,"₹3,490","₹1,299",4.3,"(31,485)"
08_10_2022,PM,36,Nikon D7500 20.9MP Digital SLR Camera (Black) with AF-S DX NIKKOR 18-140mm f/3.5-5.6G ED VR Lens,DSLR Cameras,https://www.flipkart.com/nikon-d7500-dslr-camera-body-18-140-mm-lens/p/itme57c2bb8a03cd?pid=DLLFCKK6GET9EEDC&lid=LSTDLLFCKK6GET9EEDCJXDOAU&marketplace=FLIPKART&q=Nikon+D7500+20.9MP+Digital+SLR+Camera+%28Black%29+with+AF-S+DX+NIKKOR+18-140mm+f%2F3.5-5.6G+ED+VR+Lens&store=jek%2Fp31%2Ftrv&srno=s_1_1&otracker=search&otracker1=search&fm=Search&iid=c99ea908-2960-4c07-9666-63d457883a5d.DLLFCKK6GET9EEDC.SEARCH&ppt=sp&ppn=sp&ssid=1696hbdyy80000001665253712278&qH=10f550c99906903d,"₹94,950","₹91,890",4.6,592
08_10_2022,PM,39,"New World Controller Charger for Xbox One,Xbox Series, Rechargeable Battery Pack for Xbox One, Xbox One X, Xbox One S, Xbox One Elite Controller,Xbox series Controller Charging Station with 2pcs 800mAh Rechargeable Battery With Charging Indicator",Gaming Consoles,https://www.flipkart.com/xbox-series-s-wireless-controller-joystick/p/itm33bf296306fc8?pid=ACCGEY8BYYBHKK2Q&lid=LSTACCGEY8BYYBHKK2QLBKLKS&marketplace=FLIPKART&q=New+World+Controller+Charger+for+Xbox+One%2CXbox+Series%2C+Rechargeable+Battery+Pack+for+Xbox+One%2C+Xbox+One+X%2C+Xbox+One+S%2C+Xbox+One+Elite+Controller%2CXbox+series+Controller+Charging+Station+with+2pcs+800mAh+Rechargeable+Battery+With+Charging+Indicator&store=4rr%2Fkm5%2Fr39&srno=s_1_1&otracker=search&otracker1=search&fm=Search&iid=957fbad8-c8a4-4af5-8804-daef7b22ccc7.ACCGEY8BYYBHKK2Q.SEARCH&ppt=sp&ppn=sp&ssid=58z24jsqw00000001665253715499&qH=5f7d0c4feb410b1d,"₹6,990","₹6,890",4,(5)
08_10_2022,PM,40,"PowerA Enhanced Wired Gaming Controller for Xbox Series X/S, Xbox One, PC, Windows 10/11, Red (Officially Licensed)",Gaming Consoles,https://www.flipkart.com/powera-officially-licensed-xbox-pc-enhanced-wired-controller-seafoam-fade-usb-gamepad/p/itm3903a434a5ad3?pid=ACCGFHKZGGWVZVCW&lid=LSTACCGFHKZGGWVZVCWODAEWF&marketplace=FLIPKART&q=PowerA+Enhanced+Wired+Gaming+Controller+for+Xbox+Series+X%2FS%2C+Xbox+One%2C+PC%2C+Windows+10%2F11%2C+Red+%28Officially+Licensed%29&store=4rr%2Fkm5%2Fr39&srno=s_1_1&otracker=search&otracker1=search&fm=Search&iid=76443297-4413-4a9f-9bcf-ee8463d23634.ACCGFHKZGGWVZVCW.SEARCH&ppt=sp&ppn=sp&ssid=o8bfd10x5s0000001665253718663&qH=f329cc6c28e4b55a,"₹4,999","₹3,299",None,None
08_10_2022,PM,41,"PowerA FUSION Pro 2 Wired Gaming Controller with Swappable Faceplates for Xbox Series X/S, Xbox One, PC, Windows 10/11, Black/White (Officially Licensed)",Gaming Consoles,https://www.flipkart.com/powera-officially-licensed-xbox-pc-fusion-pro-2-wired-controller-swappable-faceplates-usb-gamepad/p/itmbbb75a9658745?pid=ACCGFMHNNHRGZ5GC&lid=LSTACCGFMHNNHRGZ5GCUWZPP4&marketplace=FLIPKART&q=PowerA+FUSION+Pro+2+Wired+Gaming+Controller+with+Swappable+Faceplates+for+Xbox+Series+X%2FS%2C+Xbox+One%2C+PC%2C+Windows+10%2F11%2C+Black%2FWhite+%28Officially+Licensed%29&store=4rr%2Fkm5&srno=s_1_1&otracker=search&otracker1=search&fm=Search&iid=cceac959-6d9d-4e4d-b4c7-948a347cbbae.ACCGFMHNNHRGZ5GC.SEARCH&ppt=sp&ppn=sp&ssid=d9xg0qapc00000001665253721832&qH=18717ea011522158,"₹11,999","₹7,899",None,None
08_10_2022,PM,42,"PowerA MOGA Mobile Gaming Game Streaming Phone Clip 2.0 for Xbox Series X/S and Xbox One Wireless Controllers, Black (Officially Licensed)",Gaming Consoles,https://www.flipkart.com/powera-officially-licensed-xbox-moga-mobile-gaming-phone-clip-2-0-usb-gamepad/p/itm4e355bceac6f9?pid=ACCGFHKZDUAHRYGU&lid=LSTACCGFHKZDUAHRYGU3IK4MM&marketplace=FLIPKART&q=PowerA+MOGA+Mobile+Gaming+Game+Streaming+Phone+Clip+2.0+for+Xbox+Series+X%2FS+and+Xbox+One+Wireless+Controllers%2C+Black+%28Officially+Licensed%29&store=4rr&srno=s_1_1&otracker=search&otracker1=search&fm=Search&iid=5d502ae1-9f47-4fef-aeea-5150c2fc4b36.ACCGFHKZDUAHRYGU.SEARCH&ppt=sp&ppn=sp&ssid=0hbgb7lw340000001665253724976&qH=ee44a41f422fe778,"₹1,799","₹1,149",None,None
08_10_2022,PM,43,"PowerA Enhanced Wired Gaming Controller for Xbox Series X/S, Xbox One, PC, Windows 10/11, Arc Lightning, Blue (Officially Licensed)",Gaming Consoles,https://www.flipkart.com/powera-officially-licensed-xbox-pc-enhanced-wired-controller-usb-gamepad/p/itmf573854486706?pid=ACCGF386GAEVBTXW&lid=LSTACCGF386GAEVBTXWOYEYSJ&marketplace=FLIPKART&q=PowerA+Enhanced+Wired+Gaming+Controller+for+Xbox+Series+X%2FS%2C+Xbox+One%2C+PC%2C+Windows+10%2F11%2C+Arc+Lightning%2C+Blue+%28Officially+Licensed%29&store=4rr%2Fkm5%2Fr39&srno=s_1_1&otracker=search&otracker1=search&fm=Search&iid=60ba8a53-25dd-4205-9ff8-b14fa587068a.ACCGF386GAEVBTXW.SEARCH&ppt=sp&ppn=sp&ssid=ldlxu5nls00000001665253728164&qH=1c2b88aa5fd1c46d,"₹4,999","₹3,299",None,None
08_10_2022,PM,44,"LG 1.5 Ton 5 Star AI DUAL Inverter Split AC (Copper, Super Convertible 6-in-1 Cooling, HD Filter with Anti-Virus Protection, 2022 Model, PS-Q19YNZE, White)",Air Conditioners,https://www.flipkart.com/lg-super-convertible-6-in-1-cooling-1-5-ton-5-star-split-dual-inverter-ai-4-way-swing-hd-filter-anti-virus-protection-ac-white/p/itm69e7e3744f2e8?pid=ACNG9VHY4EYCKNKN&lid=LSTACNG9VHY4EYCKNKNZY6TJF&marketplace=FLIPKART&q=LG+1.5+Ton+5+Star+AI+DUAL+Inverter+Split+AC+%28Copper%2C+Super+Convertible+6-in-1+Cooling%2C+HD+Filter+with+Anti-Virus+Protection%2C+2022+Model%2C+PS-Q19YNZE%2C+White%29&store=j9e%2Fabm%2Fc54&spotlightTagId=BestsellerId_j9e%2Fabm%2Fc54&srno=s_1_1&otracker=search&otracker1=search&fm=Search&iid=285bfc22-32a7-43ca-89eb-eb89384f2b9b.ACNG9VHY4EYCKNKN.SEARCH&ppt=sp&ppn=sp&ssid=znem1ohzq80000001665253731329&qH=18349cb1c3beea9d,"₹75,990","₹42,990",4.2,"8,534"
08_10_2022,PM,45,"Whirlpool 1.5 Ton 5 Star, Inverter Split AC (Copper, Convertible 4-in-1 Cooling Mode, 2022 Model, 1.5T Magicool Convert Pro 5S INV (N), White)",Air Conditioners,https://www.flipkart.com/whirlpool-4-1-convertible-cooling-1-5-ton-5-star-split-inverter-ac-white/p/itm18e43c8967819?pid=ACNGBKQRVX4ZCBMB&lid=LSTACNGBKQRVX4ZCBMBNSIEAR&marketplace=FLIPKART&q=Whirlpool+1.5+Ton+5+Star%2C+Inverter+Split+AC+%28Copper%2C+Convertible+4-in-1+Cooling+Mode%2C+2022+Model%2C+1.5T+Magicool+Convert+Pro+5S+INV+%28N%29%2C+White%29&store=j9e%2Fabm%2Fc54&srno=s_1_1&otracker=search&otracker1=search&fm=Search&iid=0f932ae0-3a76-4edd-98e2-13fc34f414fb.ACNGBKQRVX4ZCBMB.SEARCH&ppt=sp&ppn=sp&ssid=qd9uj2l9gg0000001665253734517&qH=d43d50c3c4e379e4,"₹74,700","₹35,990",4.1,"6,106"
08_10_2022,PM,47,"Carrier 1.5 Ton 3 Star Inverter Split AC (Copper,ESTER Dxi, 4-in-1 Flexicool Inverter, 2022 Model,R32,White)",Air Conditioners,https://www.flipkart.com/carrier-flexicool-convertible-4-in-1-cooling-1-5-ton-4-star-split-inverter-dual-filtration-hd-pm2-5-filter-ac-white/p/itm846318d8a34e5?pid=ACNGA3G2FUSCYUHF&lid=LSTACNGA3G2FUSCYUHFWSPSKV&marketplace=FLIPKART&q=Carrier+1.5+Ton+3+Star+Inverter+Split+AC+%28Copper%2CESTER+Dxi%2C+4-in-1+Flexicool+Inverter%2C+2022+Model%2CR32%2CWhite%29&store=j9e%2Fabm%2Fc54&srno=s_1_1&otracker=search&otracker1=search&fm=Search&iid=ae5c0eb2-8f36-4b94-a3bd-afdac306c643.ACNGA3G2FUSCYUHF.SEARCH&ppt=sp&ppn=sp&ssid=jwfd5q6zyo0000001665253737675&qH=a3edf1df874e46c7,"₹68,490","₹35,999",4.3,"10,689"
08_10_2022,PM,48,"Samsung 1.5 Ton 3 Star Inverter Split AC (Copper, Convertible 5-in-1 Cooling Mode, Anti Bacteria Filter, 2022 Model AR18BYMZAUR, White)",Air Conditioners,https://www.flipkart.com/samsung-5-1-convertible-cooling-1-5-ton-3-star-split-inverter-ac-white-purple/p/itm939f4d9b57862?pid=ACNGBPBRJPF4XGFG&lid=LSTACNGBPBRJPF4XGFGJBGSOP&marketplace=FLIPKART&q=Samsung+1.5+Ton+3+Star+Inverter+Split+AC+%28Copper%2C+Convertible+5-in-1+Cooling+Mode%2C+Anti+Bacteria+Filter%2C+2022+Model+AR18BYMZAUR%2C+White%29&store=j9e%2Fabm%2Fc54&srno=s_1_1&otracker=search&otracker1=search&fm=Search&iid=0ff80666-601d-43ed-8220-2818452fe27a.ACNGBPBRJPF4XGFG.SEARCH&ppt=sp&ppn=sp&ssid=40z5v7zqkw0000001665253740887&qH=a0d1d0630c4b42df,"₹57,990","₹36,099",4.3,23
08_10_2022,PM,49,Voltas Inverter Split Air Conditioner 1.5 Ton 5 Star(VOLTAS SAC 185V DAZJ),Air Conditioners,https://www.flipkart.com/voltas-1-5-ton-5-star-split-inverter-ac-white/p/itm58bad921e1c0b?pid=ACNGDE8KYPYMRVNT&lid=LSTACNGDE8KYPYMRVNTSAF4DK&marketplace=FLIPKART&q=Voltas+Inverter+Split+Air+Conditioner+1.5+Ton+5+Star%28VOLTAS+SAC+185V+DAZJ%29&store=j9e%2Fabm%2Fc54&spotlightTagId=BestsellerId_j9e%2Fabm%2Fc54&srno=s_1_1&otracker=search&otracker1=search&fm=Search&iid=6d1529b5-ac9e-4a95-80c0-f255329a5062.ACNGDE8KYPYMRVNT.SEARCH&ppt=sp&ppn=sp&ssid=kcq3cuaf680000001665253744038&qH=53549d37f548ca98,"₹73,990","₹41,290",4.2,"3,276"
08_10_2022,PM,50,"AmazonBasics 1.5 Ton 3 Star Inverter Split AC (White, Anti-Bacterial, Turbo Mode)",Air Conditioners,https://www.flipkart.com/samsung-convertible-5-in-1-cooling-mode-1-5-ton-3-star-split-inverter-anti-bacteria-filter-ac-white/p/itm6ad45fe23d794?pid=ACNGF3H6NF2J8XNG&lid=LSTACNGF3H6NF2J8XNGCOFDXL&marketplace=FLIPKART&q=AmazonBasics+1.5+Ton+3+Star+Inverter+Split+AC+%28White%2C+Anti-Bacterial%2C+Turbo+Mode%29&store=j9e%2Fabm%2Fc54&srno=s_1_1&otracker=search&otracker1=search&fm=Search&iid=f5732bab-1de0-4ff5-ad81-202ffff83f82.ACNGF3H6NF2J8XNG.SEARCH&ppt=sp&ppn=sp&ssid=dulbm3dy3k0000001665253747188&qH=df94c8bf8bf0b6c9,"₹57,990","₹57,989",4.6,27
08_10_2022,PM,51,"Samsung 253 L 3 Star with Inverter Double Door Refrigerator (RT28A3453S8/HL, Elegant Inox)",Refrigerators,https://www.flipkart.com/samsung-253-l-frost-free-double-door-3-star-refrigerator/p/itm949def2bc9705?pid=RFRFZ928SXZVVCDJ&lid=LSTRFRFZ928SXZVVCDJSCZLAF&marketplace=FLIPKART&q=Samsung+253+L+3+Star+with+Inverter+Double+Door+Refrigerator+%28RT28A3453S8%2FHL%2C+Elegant+Inox%29&store=j9e%2Fabm%2Fhzg&spotlightTagId=BestsellerId_j9e%2Fabm%2Fhzg&srno=s_1_1&otracker=search&otracker1=search&fm=Search&iid=564852f1-ba83-44d7-961b-df562e758f47.RFRFZ928SXZVVCDJ.SEARCH&ppt=sp&ppn=sp&ssid=qwrp67kdqo0000001665253750336&qH=62f8b318fd443265,"₹31,990","₹24,190",4.4,"20,004"
08_10_2022,PM,52,"Samsung 192 L 2 Star Direct Cool Single Door Refrigerator (RR19A241BGS/NL, Grey Silver)",Refrigerators,https://www.flipkart.com/samsung-192-l-direct-cool-single-door-2-star-refrigerator/p/itm2594de17e8c4d?pid=RFRFZ928ZMW8TWTC&lid=LSTRFRFZ928ZMW8TWTCNCA8IM&marketplace=FLIPKART&q=Samsung+192+L+2+Star+Direct+Cool+Single+Door+Refrigerator+%28RR19A241BGS%2FNL%2C+Grey+Silver%29&store=j9e%2Fabm%2Fhzg&spotlightTagId=BestsellerId_j9e%2Fabm%2Fhzg&srno=s_1_1&otracker=search&otracker1=search&fm=Search&iid=f0ec140a-05f7-403c-842d-407b0f78a15d.RFRFZ928ZMW8TWTC.SEARCH&ppt=sp&ppn=sp&ssid=u0vi9l93280000001665253753504&qH=7df7aa2fd8ba40d4,"₹14,990","₹12,790",4.4,"33,696"
08_10_2022,PM,53,Samsung 345L 3 Star Inverter Frost Free Double Door Refrigerator,Refrigerators,https://www.flipkart.com/samsung-345-l-frost-free-double-door-3-star-convertible-refrigerator/p/itmf6b720b6b0ee9?pid=RFRG4ADM3JXXMHCG&lid=LSTRFRG4ADM3JXXMHCGF4FXOC&marketplace=FLIPKART&q=Samsung+345L+3+Star+Inverter+Frost+Free+Double+Door+Refrigerator&store=j9e%2Fabm%2Fhzg&srno=s_1_1&otracker=search&otracker1=search&fm=Search&iid=4da6572e-4a74-4073-8646-921cdf14a38b.RFRG4ADM3JXXMHCG.SEARCH&ppt=sp&ppn=sp&ssid=sqqvkhepww0000001665253756671&qH=d98ca4fe795a018f,"₹47,990","₹36,990",4.3,"7,092"
08_10_2022,PM,54,"Samsung 198 L 4 Star Inverter Direct-Cool Single Door Refrigerator (RR21T2H2XCR/HL, Camellia Purple, Base Stand with Drawer)",Refrigerators,https://www.flipkart.com/samsung-198-l-direct-cool-single-door-4-star-refrigerator-base-drawer/p/itmba96a5f44e5c3?pid=RFRFZG7MDRAEG9EF&lid=LSTRFRFZG7MDRAEG9EFJOIK2G&marketplace=FLIPKART&q=Samsung+198+L+4+Star+Inverter+Direct-Cool+Single+Door+Refrigerator+%28RR21T2H2XCR%2FHL%2C+Camellia+Purple%2C+Base+Stand+with+Drawer%29&store=j9e%2Fabm%2Fhzg&srno=s_1_1&otracker=search&otracker1=search&fm=Search&iid=51d194a4-9c93-4006-a650-baf62c115dd2.RFRFZG7MDRAEG9EF.SEARCH&ppt=sp&ppn=sp&ssid=hqlla0fzds0000001665253759858&qH=9c6546e79519ed29,"₹19,990","₹16,490",4.4,"11,874"
08_10_2022,PM,55,"LG 190 L 4 Star Inverter Direct-Cool Single Door Refrigerator (GL-D201ASCY, Scarlet Charm, Base stand with Drawer)",Refrigerators,https://www.flipkart.com/lg-190-l-direct-cool-single-door-4-star-refrigerator-base-drawer/p/itm7e0807d22bdb1?pid=RFRFPYDEJG7KWR4P&lid=LSTRFRFPYDEJG7KWR4PGZJNMX&marketplace=FLIPKART&q=LG+190+L+4+Star+Inverter+Direct-Cool+Single+Door+Refrigerator+%28GL-D201ASCY%2C+Scarlet+Charm%2C+Base+stand+with+Drawer%29&store=j9e%2Fabm%2Fhzg&srno=s_1_1&otracker=search&otracker1=search&fm=Search&iid=81c1aace-deaa-417f-b74c-cd4c2e7d6963.RFRFPYDEJG7KWR4P.SEARCH&ppt=sp&ppn=sp&ssid=sob2nuauww0000001665253763006&qH=b7f7077f0790a457,"₹23,899","₹15,990",4.4,"6,730"
08_10_2022,PM,56,"Whirlpool 245 L 3 Star Frost-Free Inverter Double Door Refrigerator (NEO DF258 ROY GERMAN STEEL (3S)-N, German Steel)",Refrigerators,https://www.flipkart.com/whirlpool-245-l-frost-free-double-door-3-star-refrigerator/p/itm9648997f0064b?pid=RFRGFH34YQHWMH4P&lid=LSTRFRGFH34YQHWMH4PS7QKRX&marketplace=FLIPKART&q=Whirlpool+245+L+3+Star+Frost-Free+Inverter+Double+Door+Refrigerator+%28NEO+DF258+ROY+GERMAN+STEEL+%283S%29-N%2C+German+Steel%29&store=j9e%2Fabm%2Fhzg&srno=s_1_1&otracker=search&otracker1=search&fm=Search&iid=8092c73e-8c9b-4971-be0e-6bcf53782873.RFRGFH34YQHWMH4P.SEARCH&ppt=sp&ppn=sp&ssid=gxk4y93t4w0000001665253766184&qH=0c3d93b9af17bfd8,"₹29,700","₹22,990",4.2,241
08_10_2022,PM,57,"Samsung 6.5 kg Fully-Automatic Top Loading Washing Machine (WA65A4002VS/TL, Imperial Silver, Diamond Drum)",Washing Machines,https://www.flipkart.com/samsung-6-5-kg-diamond-drum-feature-fully-automatic-top-load-silver/p/itme1ba4fde1563a?pid=WMNFV6ZYDFQFJGT5&lid=LSTWMNFV6ZYDFQFJGT5TJW2UD&marketplace=FLIPKART&q=Samsung+6.5+kg+Fully-Automatic+Top+Loading+Washing+Machine+%28WA65A4002VS%2FTL%2C+Imperial+Silver%2C+Diamond+Drum%29&store=j9e%2Fabm%2F8qx&spotlightTagId=BestsellerId_j9e%2Fabm%2F8qx&srno=s_1_1&otracker=search&otracker1=search&fm=Search&iid=296f9b6a-2a94-4fd9-a341-480e7f8551c5.WMNFV6ZYDFQFJGT5.SEARCH&ppt=sp&ppn=sp&ssid=n1z2x4qngg0000001665253769331&qH=6e963d10c0f783b6,"₹16,800","₹13,990",4.4,"64,049"
08_10_2022,PM,58,"LG 7 Kg 5 Star Semi-Automatic Top Loading Washing Machine (P7020NGAZ, Dark Gray, Wind Jet Dry)",Washing Machines,https://www.flipkart.com/lg-7-kg-5-star-rating-wind-jet-dry-semi-automatic-top-load-grey-white/p/itmc9d497e9b58bb?pid=WMNG4VNTJAUVBCKN&lid=LSTWMNG4VNTJAUVBCKNBMH2FY&marketplace=FLIPKART&q=LG+7+Kg+5+Star+Semi-Automatic+Top+Loading+Washing+Machine+%28P7020NGAZ%2C+Dark+Gray%2C+Wind+Jet+Dry%29&store=j9e%2Fabm%2F8qx&spotlightTagId=BestsellerId_j9e%2Fabm%2F8qx&srno=s_1_1&otracker=search&otracker1=search&fm=Search&iid=31f9ca0f-6036-429e-847d-8fda5b58f3cc.WMNG4VNTJAUVBCKN.SEARCH&ppt=sp&ppn=sp&ssid=frxzawt9dc0000001665253772496&qH=42f32b56a7b7b763,"₹16,090","₹11,490",4.5,"5,354"
08_10_2022,PM,59,"LG 7 Kg 5 Star Inverter Touch Control Fully-Automatic Front Load Washing Machine with Heater (FHM1207SDL, Silver, 6 Motion Direct Drive)",Washing Machines,https://www.flipkart.com/lg-7-kg-fully-automatic-front-load-in-built-heater-silver/p/itm1a9c4965480a8?pid=WMNG8NCCWGZ9SNNX&lid=LSTWMNG8NCCWGZ9SNNXLCX3JR&marketplace=FLIPKART&q=LG+7+Kg+5+Star+Inverter+Touch+Control+Fully-Automatic+Front+Load+Washing+Machine+with+Heater+%28FHM1207SDL%2C+Silver%2C+6+Motion+Direct+Drive%29&store=j9e%2Fabm%2F8qx&srno=s_1_1&otracker=search&otracker1=search&fm=Search&iid=24c53896-3752-45e2-97bb-9ee7b9798eea.WMNG8NCCWGZ9SNNX.SEARCH&ppt=sp&ppn=sp&ssid=y7emt8wq0w0000001665253775662&qH=c63b394ad7cae947,"₹46,990","₹39,299",4.5,25
08_10_2022,PM,60,"Whirlpool 6.5 Kg 5 Star Royal Fully-Automatic Top Loading Washing Machine (WHITEMAGIC ROYAL 6.5 GENX, Grey, Hard Water Wash)",Washing Machines,https://www.flipkart.com/whirlpool-6-5-kg-hard-water-wash-fully-automatic-top-load-grey/p/itm8e0af714c7be1?pid=WMNFYGG3YKMNG5UH&lid=LSTWMNFYGG3YKMNG5UHHWDLY3&marketplace=FLIPKART&q=Whirlpool+6.5+Kg+5+Star+Royal+Fully-Automatic+Top+Loading+Washing+Machine+%28WHITEMAGIC+ROYAL+6.5+GENX%2C+Grey%2C+Hard+Water+Wash%29&store=j9e%2Fabm%2F8qx&srno=s_1_1&otracker=search&otracker1=search&fm=Search&iid=6cf44b17-e4c9-43c1-9d82-a03adb80295e.WMNFYGG3YKMNG5UH.SEARCH&ppt=sp&ppn=sp&ssid=9yxg47q2800000001665253778829&qH=e5096df63dd46934,"₹17,800","₹14,990",4.3,"27,434"
08_10_2022,PM,61,"Whirlpool 7.5 Kg 5 Star Royal Plus Fully-Automatic Top Loading Washing Machine (WHITEMAGIC ROYAL PLUS 7.5, Grey, Hard Water Wash)",Washing Machines,https://www.flipkart.com/whirlpool-7-5-kg-5-star-hard-water-wash-fully-automatic-top-load-grey/p/itmb49b34c9eb10d?pid=WMNFNAYP4RHJX5GN&lid=LSTWMNFNAYP4RHJX5GNC91M6Q&marketplace=FLIPKART&q=Whirlpool+7.5+Kg+5+Star+Royal+Plus+Fully-Automatic+Top+Loading+Washing+Machine+%28WHITEMAGIC+ROYAL+PLUS+7.5%2C+Grey%2C+Hard+Water+Wash%29&store=j9e%2Fabm%2F8qx&srno=s_1_1&otracker=search&otracker1=search&fm=Search&iid=6363d7c0-9e20-4151-bbb5-9a25c83ee91f.WMNFNAYP4RHJX5GN.SEARCH&ppt=sp&ppn=sp&ssid=omemup0ej40000001665253782012&qH=5b3a7f0d19499bfe,"₹19,950","₹17,690",4.3,"(8,443)"
08_10_2022,PM,62,"Bosch 7 kg 5 Star Inverter Touch Control Fully Automatic Front Loading Washing Machine with In - built Heater (WAJ2416SIN, Silver)",Washing Machines,https://www.flipkart.com/bosch-7-kg-drive-motor-anti-tangle-vibration-fully-automatic-front-load-in-built-heater-grey/p/itm494940dbabb9c?pid=WMNFZBM8AQFQHHBH&lid=LSTWMNFZBM8AQFQHHBH3XOQ8D&marketplace=FLIPKART&q=Bosch+7+kg+5+Star+Inverter+Touch+Control+Fully+Automatic+Front+Loading+Washing+Machine+with+In+-+built+Heater+%28WAJ2416SIN%2C+Silver%29&store=j9e%2Fabm%2F8qx&srno=s_1_1&otracker=search&otracker1=search&fm=Search&iid=f820bb16-e5e3-4d60-8cba-55bf0edda14e.WMNFZBM8AQFQHHBH.SEARCH&ppt=sp&ppn=sp&ssid=ovbl2onbwg0000001665253785164&qH=9f43086d42c4487e,"₹39,799","₹31,490",4.4,"10,229"
08_10_2022,PM,63,"Pigeon Amaze Plus Electric Kettle (14289) with Stainless Steel Body, 1.5 litre, used for boiling Water, making tea and coffee, instant noodles, soup etc. 1500 Watt (Silver)",Kitchen & Home Appliances,https://www.flipkart.com/kitchoff-kl1-stainless-steel-electric-kettle-1-5-litre/p/itm627f90cf9c143?pid=EKTGE2TAHCJY7FBH&lid=LSTEKTGE2TAHCJY7FBHBKI6EE&marketplace=FLIPKART&q=Pigeon+Amaze+Plus+Electric+Kettle+%2814289%29+with+Stainless+Steel+Body%2C+1.5+litre%2C+used+for+boiling+Water%2C+making+tea+and+coffee%2C+instant+noodles%2C+soup+etc.+1500+Watt+%28Silver%29&store=j9e%2Fm38%2Fxrv&srno=s_1_1&otracker=search&otracker1=search&fm=Search&iid=0a4cc793-3148-4565-bd10-c11cfb11320e.EKTGE2TAHCJY7FBH.SEARCH&ppt=sp&ppn=sp&ssid=66r6e9e6sg0000001665253788337&qH=cbe3821c97ae6026,"₹2,499",₹484,3.9,(380)
08_10_2022,PM,65,USHA Armor AR1100WB 1100 W Dry Iron with Black Weilburger Soleplate (Purple),Kitchen & Home Appliances,https://www.flipkart.com/usha-armour-ar1100wb-1100-w-dry-iron/p/itm6946ed6959cca?pid=IRNFYVR4QHBXHYZB&lid=LSTIRNFYVR4QHBXHYZBCZ2PPY&marketplace=FLIPKART&q=USHA+Armor+AR1100WB+1100+W+Dry+Iron+with+Black+Weilburger+Soleplate+%28Purple%29&store=j9e%2Fabm%2Fa0u&srno=s_1_1&otracker=search&otracker1=search&fm=Search&iid=664b9042-3bb6-4e6f-9847-b7a57ea9815c.IRNFYVR4QHBXHYZB.SEARCH&ppt=sp&ppn=sp&ssid=9ufajvh1g00000001665253791484&qH=a5b675d762dbb676,₹999,₹548,4.3,(20)
08_10_2022,PM,66,Prestige IRIS Plus 750 watt mixer grinder with Jar,Kitchen & Home Appliances,https://www.flipkart.com/prestige-delight-plus-mixer-grinder-750-w-4-jars-black-yellow/p/itmd4c95e78d77af?pid=MIXFGT8QBJHYTDG3&lid=LSTMIXFGT8QBJHYTDG3NQJ2J5&marketplace=FLIPKART&q=Prestige+IRIS+Plus+750+watt+mixer+grinder+with+Jar&store=j9e%2Fm38%2F7ek&srno=s_1_1&otracker=search&otracker1=search&fm=Search&iid=941b1746-7755-44c8-bb40-a969dc1310b0.MIXFGT8QBJHYTDG3.SEARCH&ppt=sp&ppn=sp&ssid=6ui0cf1alc0000001665253794654&qH=05e7990d623e18c9,"₹6,100","₹4,819",4.3,"1,159"
08_10_2022,PM,68,"Lifelong LLMG23 Power Pro 500-Watt Mixer Grinder with 3 Jars (Liquidizing, Wet Grinding and Chutney Jar), Stainless Steel blades, 1 Year Warranty (Black)",Kitchen & Home Appliances,https://www.flipkart.com/bajaj-gx1-500-w-mixer-grinder/p/itm8bace9512553c?pid=MIXDA3UAUUWACGHH&lid=LSTMIXDA3UAUUWACGHH7IWO0U&marketplace=FLIPKART&q=Lifelong+LLMG23+Power+Pro+500-Watt+Mixer+Grinder+with+3+Jars+%28Liquidizing%2C+Wet+Grinding+and+Chutney+Jar%29%2C+Stainless+Steel+blades%2C+1+Year+Warranty+%28Black%29&store=j9e%2Fm38%2F7ek&srno=s_1_1&otracker=search&otracker1=search&fm=Search&iid=d319f2fb-998b-404d-bce7-e30025377163.MIXDA3UAUUWACGHH.SEARCH&ppt=sp&ppn=sp&ssid=x08v7wcjw00000001665254328545&qH=e461df41a5e76283,"₹3,505","₹2,399",4.2,"3,10,409"
08_10_2022,PM,69,"Prestige Electric Kettle PKOSS - 1500watts, Steel (1.5Ltr), Black",Kitchen & Home Appliances,https://www.flipkart.com/avadhi-fashion-electric-kettle/p/itm35eb7c979260b?pid=EKTFVPPS83T4DKYG&lid=LSTEKTFVPPS83T4DKYGRPYDNW&marketplace=FLIPKART&q=Prestige+Electric+Kettle+PKOSS+-+1500watts%2C+Steel+%281.5Ltr%29%2C+Black&store=j9e%2Fm38%2Fxrv&srno=s_1_1&otracker=search&otracker1=search&fm=Search&iid=2ba178cc-7db8-46ce-b5df-8e3b02391c00.EKTFVPPS83T4DKYG.SEARCH&ppt=sp&ppn=sp&ssid=yce2fdxq0w0000001665254331693&qH=85a015962596ea1a,"₹1,299",₹499,3.7,(74)
